{
    "camera_matrix": {
        "type_id": "opencv-matrix",
        "rows": 3,
        "cols": 3,
        "dt": "d",
        "data": [ 9.1762714512182845e+02, 0.0, 8.0969750078730431e+02,
            0.0, 9.1638564994294279e+02, 6.7921317005182550e+02, 0.0,
            0.0, 1.0 ]
    },
    "distortion_coefficients": {
        "type_id": "opencv-matrix",
        "rows": 1,
        "cols": 5,
        "dt": "d",
        "data": [ 5.4625372833742171e-02, -8.0710091796990513e-02,
            -2.1625108526944830e-03, -1.3193259875507203e-03,
            2.2364914374730416e-02 ]
    }
}
