{
    "calibration_date": "2025-01-16 09:44:03.396682",
    "camera_resolution": {
        "type_id": "opencv-matrix",
        "rows": 2,
        "cols": 1,
        "dt": "d",
        "data": [ 720.0, 1280.0 ]
    },
    "camera_matrix": {
        "type_id": "opencv-matrix",
        "rows": 3,
        "cols": 3,
        "dt": "d",
        "data": [ 6.8246352720395475e+02, 0.0, 6.2496591484082603e+02,
            0.0, 7.1440486808304138e+02, 4.7789242832859338e+02, 0.0,
            0.0, 1.0 ]
    },
    "distortion_coefficients": {
        "type_id": "opencv-matrix",
        "rows": 1,
        "cols": 5,
        "dt": "d",
        "data": [ 8.2300338598684034e-03, 9.5459345454848021e-02,
            5.5540055585777039e-03, -1.3466761345782898e-02,
            -1.9086889677645658e-01 ]
    }
}
