{
    "calibration_date": "2024-06-05 21:11:52.296547",
    "camera_resolution": {
        "type_id": "opencv-matrix",
        "rows": 2,
        "cols": 1,
        "dt": "d",
        "data": [ 720.0, 1280.0 ]
    },
    "camera_matrix": {
        "type_id": "opencv-matrix",
        "rows": 3,
        "cols": 3,
        "dt": "d",
        "data": [ 7.2084743117894038e+02, 0.0, 6.4752480153706392e+02,
            0.0, 7.2131753968786472e+02, 4.0261383898961702e+02, 0.0,
            0.0, 1.0 ]
    },
    "distortion_coefficients": {
        "type_id": "opencv-matrix",
        "rows": 1,
        "cols": 5,
        "dt": "d",
        "data": [ 3.8941980014865769e-02, -1.5383997313786609e-02,
            7.8129426649261506e-04, -2.7566555002124998e-04,
            -4.9497440835727775e-02 ]
    }
}
