{
    "calibration_date": "2024-06-05 17:44:36.461800",
    "camera_resolution": {
        "type_id": "opencv-matrix",
        "rows": 2,
        "cols": 1,
        "dt": "d",
        "data": [ 720.0, 1280.0 ]
    },
    "camera_matrix": {
        "type_id": "opencv-matrix",
        "rows": 3,
        "cols": 3,
        "dt": "d",
        "data": [ 7.1651530259326717e+02, 0.0, 6.4901181856177379e+02,
            0.0, 7.1565727735348275e+02, 4.0225015543293978e+02, 0.0,
            0.0, 1.0 ]
    },
    "distortion_coefficients": {
        "type_id": "opencv-matrix",
        "rows": 1,
        "cols": 5,
        "dt": "d",
        "data": [ 5.9199841518793456e-02, -9.5808288141063819e-02,
            -4.2880914060230112e-04, 2.0807451871404683e-04,
            3.4213237043686402e-02 ]
    }
}
